3 2 2 time: 0.004723310470581055
4 2 2 time: 0.0035436153411865234
4 3 2 time: 0.0034646987915039062
4 3 3 time: 0.0040776729583740234
5 2 2 time: 0.0034852027893066406
5 3 2 time: 0.00360870361328125
5 3 3 time: 0.0044591426849365234
5 4 2 time: 0.0039196014404296875
5 4 3 time: 0.004842281341552734
5 4 4 time: 0.005815267562866211
6 2 2 time: 0.003780841827392578
6 3 2 time: 0.0038826465606689453
6 3 3 time: 0.005461931228637695
6 4 2 time: 0.004392862319946289
6 4 3 time: 0.005457639694213867
6 4 4 time: 0.006870269775390625
6 5 2 time: 0.004354000091552734
6 5 3 time: 0.0059239864349365234
6 5 4 time: 0.007849693298339844
6 5 5 time: 0.011466026306152344
7 2 2 time: 0.0040547847747802734
7 3 2 time: 0.004040241241455078
7 3 3 time: 0.005337953567504883
7 4 2 time: 0.004354953765869141
7 4 3 time: 0.0058557987213134766
7 4 4 time: 0.0076982975006103516
7 5 2 time: 0.004489898681640625
7 5 3 time: 0.0064029693603515625
7 5 4 time: 0.008587121963500977
7 5 5 time: 0.01389932632446289
7 6 2 time: 0.004865884780883789
7 6 3 time: 0.007225513458251953
7 6 4 time: 0.010434627532958984
7 6 5 time: 0.01897120475769043
7 6 6 time: 0.052873849868774414
8 2 2 time: 0.00442814826965332
8 3 2 time: 0.0043256282806396484
8 3 3 time: 0.0061032772064208984
8 4 2 time: 0.004678964614868164
8 4 3 time: 0.0065000057220458984
8 4 4 time: 0.009202003479003906
8 5 2 time: 0.004819631576538086
8 5 3 time: 0.007238149642944336
8 5 4 time: 0.01054692268371582
8 5 5 time: 0.01750802993774414
8 6 2 time: 0.0051517486572265625
8 6 3 time: 0.008048295974731445
8 6 4 time: 0.012753963470458984
8 6 5 time: 0.023054838180541992
8 6 6 time: 0.07359600067138672
8 7 2 time: 0.0053293704986572266
8 7 3 time: 0.008944034576416016
8 7 4 time: 0.014902353286743164
8 7 5 time: 0.029605627059936523
8 7 6 time: 0.09667682647705078
8 7 7 time: 0.5712614059448242
9 2 2 time: 0.0044116973876953125
9 3 2 time: 0.004446744918823242
9 3 3 time: 0.006646633148193359
9 4 2 time: 0.004797220230102539
9 4 3 time: 0.007193803787231445
9 4 4 time: 0.010977506637573242
9 5 2 time: 0.004926204681396484
9 5 3 time: 0.007997512817382812
9 5 4 time: 0.01170206069946289
9 5 5 time: 0.021251440048217773
9 6 2 time: 0.005274534225463867
9 6 3 time: 0.008951187133789062
9 6 4 time: 0.014422416687011719
9 6 5 time: 0.028279542922973633
9 6 6 time: 0.09365510940551758
9 7 2 time: 0.0055844783782958984
9 7 3 time: 0.009707212448120117
9 7 4 time: 0.01707148551940918
9 7 5 time: 0.03659391403198242
9 7 6 time: 0.13300800323486328
9 7 7 time: 0.7644214630126953
9 8 2 time: 0.005804777145385742
9 8 3 time: 0.010706186294555664
9 8 4 time: 0.020576953887939453
9 8 5 time: 0.04841971397399902
9 8 6 time: 0.18053364753723145
9 8 7 time: 1.0849261283874512
9 8 8 time: 9.328927040100098
10 2 2 time: 0.004811286926269531
10 3 2 time: 0.0047795772552490234
10 3 3 time: 0.0072917938232421875
10 4 2 time: 0.005142927169799805
10 4 3 time: 0.00793600082397461
10 4 4 time: 0.012359857559204102
10 5 2 time: 0.005408048629760742
10 5 3 time: 0.008684396743774414
10 5 4 time: 0.013880014419555664
10 5 5 time: 0.02663564682006836
10 6 2 time: 0.0056400299072265625
10 6 3 time: 0.009876251220703125
10 6 4 time: 0.0171506404876709
10 6 5 time: 0.03557252883911133
10 6 6 time: 0.1242835521697998
10 7 2 time: 0.005980253219604492
10 7 3 time: 0.01073312759399414
10 7 4 time: 0.02002739906311035
10 7 5 time: 0.04593634605407715
10 7 6 time: 0.16524481773376465
10 7 7 time: 1.0288786888122559
10 8 2 time: 0.0062046051025390625
10 8 3 time: 0.01190495491027832
10 8 4 time: 0.0246884822845459
10 8 5 time: 0.06115865707397461
10 8 6 time: 0.23944735527038574
10 8 7 time: 1.4739525318145752
10 8 8 time: 13.010800123214722
10 9 2 time: 0.0063245296478271484
10 9 3 time: 0.01301431655883789
10 9 4 time: 0.02843785285949707
10 9 5 time: 0.0790402889251709
10 9 6 time: 0.3206815719604492
10 9 7 time: 2.005934476852417
10 9 8 time: 17.07627272605896
10 9 9 time: 177.85962963104248